0 0 12 bb
0 1 10 ch
0 2 10 bb
0 3 13 pk
0 4 6 tt
0 5 13 bb
0 6 11 pk
0 7 8 pk
1 0 9 pk
1 1 1 pk
1 2 1 ch
1 3 13 ch
1 4 3 bb
1 5 11 ch
1 6 6 ch
1 7 10 pk
2 0 13 tt
2 1 1 bb
2 2 6 pk
2 3 8 bb
2 4 12 pk
2 5 9 bb
2 6 5 pk
2 7 7 tt
3 0 7 bb
3 1 1 tt
3 2 8 ch
3 3 4 pk
3 4 9 tt
3 5 5 tt
3 6 4 bb
3 7 10 tt
4 0 5 bb
4 1 5 ch
4 2 2 pk
4 3 3 ch
4 4 3 tt
4 5 6 bb
4 6 12 ch
4 7 7 pk
5 0 11 tt
5 1 11 bb
5 2 2 tt
5 3 8 tt
5 4 7 ch
5 5 3 pk
5 6 4 ch
5 7 4 tt
6 0 12 tt
6 1 9 ch
6 2 2 ch
6 3 2 bb
6 4 0 0
6 5 0 0
6 6 0 0
6 7 0 0
7 0 0 0
7 1 0 0
7 2 0 0
7 3 0 0
7 4 0 0
7 5 0 0
7 6 0 0
7 7 0 0
8 0 0 0
8 1 0 0
8 2 0 0
8 3 0 0
8 4 0 0
8 5 0 0
8 6 0 0
8 7 0 0
9 0 0 0
9 1 0 0
9 2 0 0
9 3 0 0
9 4 0 0
9 5 0 0
9 6 0 0
9 7 0 0
10 0 0 0
10 1 0 0
10 2 0 0
10 3 0 0
10 4 0 0
10 5 0 0
10 6 0 0
10 7 0 0
11 0 0 0
11 1 0 0
11 2 0 0
11 3 0 0
11 4 0 0
11 5 0 0
11 6 0 0
11 7 0 0
12 0 0 0
12 1 0 0
12 2 0 0
12 3 0 0
12 4 0 0
12 5 0 0
12 6 0 0
12 7 0 0
13 0 0 0
13 1 0 0
13 2 0 0
13 3 0 0
13 4 0 0
13 5 0 0
13 6 0 0
13 7 0 0
14 0 0 0
14 1 0 0
14 2 0 0
14 3 0 0
14 4 0 0
14 5 0 0
14 6 0 0
14 7 0 0
15 0 0 0
15 1 0 0
15 2 0 0
15 3 0 0
15 4 0 0
15 5 0 0
15 6 0 0
15 7 0 0
16 0 0 0
16 1 0 0
16 2 0 0
16 3 0 0
16 4 0 0
16 5 0 0
16 6 0 0
16 7 0 0
17 0 0 0
17 1 0 0
17 2 0 0
17 3 0 0
17 4 0 0
17 5 0 0
17 6 0 0
17 7 0 0
18 0 0 0
18 1 0 0
18 2 0 0
18 3 0 0
18 4 0 0
18 5 0 0
18 6 0 0
18 7 0 0
19 0 0 0
19 1 0 0
19 2 0 0
19 3 0 0
19 4 0 0
19 5 0 0
19 6 0 0
19 7 0 0